Sprite - Olho Pacman

0000000000000000
0000000000000000
0000000000000000
0000000000010000
0000000000111000
0000000000010000
0000000000000000
0000000000000000
0000000000000000
0000000000000000
0000000000000000
0000000000000000
0000000000000000
0000000000000000
0000000000000000
0000000000000000
0000000000000000


Sprite - Pacman

0000001111110000
0000111111111100
0001111111111110
0011111111111111
0011111111111111
0111111111111111
0111111111111100
1111111111110000
1111111110000000
0111111111100000
0111111111111000
0011111111111111
0011111111111111
0001111111111110
0000111111111100
0000001111110000

Sprite - Ghost
0000001111000000
0000011111100000
0000111111110000
0001111111111000
0011111111111100
0011111111111100
0111111111111110
1111111111111111
1111111111111111
1111111111111111
1111111111111111
1111111111111111
1111111111111111
1111111111111111
0111110000111110

Sprite - Eyes's Ghost
0000000000000000
0000000000000000
0000000000000000
0000000000000000
0000000000000000
0000010000100000
0000111001110000
0000010000100000
0000000000000000
0000000000000000
0000000000000000
0000000000000000
0000000000000000
0000000000000000
0000000000000000
0000000000000000
0000000000000000

Sprite - Mouth's Ghost
0000000000000000
0000000000000000
0000000000000000
0000000000000000
0000000000000000
0000000000000000
0000000000000000
0000000000000000
0000000000000000
0000000000000000
0000000000000000
0000000000000000
0000001111000000
0000011111100000
0000111111110000
0000000000000000
0000000000000000

